cryptage : 1
29,614799999999995 9,9567 25,7853 29,359499999999997 8,169599999999999 29,870099999999997 28,083 8,169599999999999 28,5936 28,338299999999997 29,1042 25,2747 
cryptage : 2
21,9558 24,7641 8,169599999999999 29,614799999999995 25,7853 8,169599999999999 26,0406 24,7641 26,8065 29,1042 25,7853 8,169599999999999 29,614799999999995 29,1042 24,7641 26,8065 29,614799999999995 29,1042 25,7853 
cryptage : 3
25,019399999999997 28,338299999999997 29,870099999999997 26,0406 26,0406 25,7853 8,169599999999999 29,614799999999995 25,7853 29,359499999999997 8,169599999999999 27,8277 28,338299999999997 29,1042 29,614799999999995 29,359499999999997 
cryptage : 4
12,509699999999999 
cryptage : 5
29,359499999999997 24,7641 27,5724 25,7853 8,169599999999999 28,083 28,338299999999997 26,8065 29,1042 
cryptage : 6
29,614799999999995 9,9567 25,7853 29,359499999999997 8,169599999999999 29,359499999999997 29,614799999999995 30,8913 27,5724 25,7853 29,1042 
